0.217437 -0.174041 0 1 0 1 2 
0.217437 0.174041 0 19 18 19 20 
0.434874 -0.348083 0 22 21 22 23 
0.434874 0.348083 0 40 39 40 41 
0.600102 -0.559053 0 42 42 43 
0.65231 0.522124 0 61 61 62 
0.869748 -0.696166 0 64 63 64 63 64 
0.783015 0.626745 0 83 82 83 83 82 
1.08718 -0.870208 0 85 84 85 84 85 
0.868678 0.500259 0 104 103 104 104 103 
1.2002 -1.11811 0 105 105
0.910452 -0.4148 0 105 105
1.2002 1.11811 0 125 125
0.910452 0.4148 0 125 125
1.40024 -1.30446 0 126 126 126 
0.939724 -0.359089 0 126 126
1.39604 1.25564 0 146 146 146 
0.939724 0.359089 0 146 146
1.60027 -1.49081 0 147 147 147 
0.956303 -0.314257 0 147 147
1.53568 1.13742 0 167 167 167 
0.956303 0.314257 0 167 167
1.80031 -1.67716 0 168 168
1.00333 -0.0837206 0 175 168 172 173 174 175 181 182 183 184 
1.63052 -1.02794 0 168 168 172 
2.46169 -0.968986 0 173 172 173 174 
1.91296 -0.547491 0 173 173 172 174 175 
2.5491 -0.788531 0 174 175 174 173 
2.5491 0.788531 0 182 181 182 183 
1.94968 0.442133 0 182 181 182 183 184 
2.46169 0.968987 0 183 184 183 182 
1.80031 1.67716 0 188 188
1.00333 0.0837206 0 181 188 184 183 182 181 175 174 173 172 
1.86863 0.649464 0 184 188 184 
2.17437 -1.74042 0 190 189 190 191 
1.00958 -0.0252447 0 198 189 190 191 192 193 194 195 196 197 198 199 200 201 202 203 204 205 206 207 208 
1.80881 -0.769021 0 191 189 190 191 192 193 
2.48584 -1.43984 0 192 192 191 193 190 194 
1.93585 -0.496882 0 194 194 193 195 192 196 191 197 190 198 
2.83234 -0.876146 0 195 195 194 196 193 197 
2.99871 -0.225326 0 198 198 197 199 196 200 
2.02 7.56272e-08 0 199 199 198 200 197 201 202 196 195 203 
2.96498 0.448113 0 201 201 202 200 203 199 
2.73521 1.07665 0 204 204 205 203 206 202 
1.93585 0.496882 0 204 204 205 203 206 202 207 201 208 200 
2.33691 1.59877 0 207 207 208 206 209 205 
1.01 1.88127e-08 0 199 209 208 207 206 205 204 203 202 201 200 199 198 197 196 195 194 193 192 191 190 
1.80881 0.769021 0 207 209 208 207 206 205 
