0 0.1 -0.5 1
1 0.1 -0.45 1
2 0.1 -0.4 1
3 0.1 -0.35 0
4 0.1 -0.3 0
5 0.1 -0.25 0
6 0.1 -0.2 0
7 0.1 -0.15 0
8 0.1 -0.1 0
9 0.1 -0.05 0
10 0.1 3.72529e-08 0
11 0.1 0.05 0
12 0.1 0.1 0
13 0.1 0.15 0
14 0.1 0.2 0
15 0.1 0.25 0
16 0.1 0.3 0
17 0.1 0.35 0
18 0.1 0.4 1
19 0.1 0.45 1
20 0.1 0.5 1
21 0.2 -0.5 1
22 0.2 -0.45 1
23 0.2 -0.4 1
24 0.2 -0.35 0
25 0.2 -0.3 0
26 0.2 -0.25 0
27 0.2 -0.2 0
28 0.2 -0.15 0
29 0.2 -0.1 0
30 0.2 -0.05 0
31 0.2 3.72529e-08 0
32 0.2 0.05 0
33 0.2 0.1 0
34 0.2 0.15 0
35 0.2 0.2 0
36 0.2 0.25 0
37 0.2 0.3 0
38 0.2 0.35 0
39 0.2 0.4 1
40 0.2 0.45 1
41 0.2 0.5 1
42 0.3 -0.5 1
43 0.3 -0.45 1
44 0.3 -0.4 0
45 0.3 -0.35 0
46 0.3 -0.3 0
47 0.3 -0.25 0
48 0.3 -0.2 0
49 0.3 -0.15 0
50 0.3 -0.1 0
51 0.3 -0.05 0
52 0.3 3.72529e-08 0
53 0.3 0.05 0
54 0.3 0.1 0
55 0.3 0.15 0
56 0.3 0.2 0
57 0.3 0.25 0
58 0.3 0.3 0
59 0.3 0.35 0
60 0.3 0.4 0
61 0.3 0.45 1
62 0.3 0.5 1
63 0.4 -0.5 2
64 0.4 -0.45 2
65 0.4 -0.4 0
66 0.4 -0.35 0
67 0.4 -0.3 0
68 0.4 -0.25 0
69 0.4 -0.2 0
70 0.4 -0.15 0
71 0.4 -0.1 0
72 0.4 -0.05 0
73 0.4 3.72529e-08 0
74 0.4 0.05 0
75 0.4 0.1 0
76 0.4 0.15 0
77 0.4 0.2 0
78 0.4 0.25 0
79 0.4 0.3 0
80 0.4 0.35 0
81 0.4 0.4 0
82 0.4 0.45 2
83 0.4 0.5 2
84 0.5 -0.5 2
85 0.5 -0.45 2
86 0.5 -0.4 0
87 0.5 -0.35 0
88 0.5 -0.3 0
89 0.5 -0.25 0
90 0.5 -0.2 0
91 0.5 -0.15 0
92 0.5 -0.1 0
93 0.5 -0.05 0
94 0.5 3.72529e-08 0
95 0.5 0.05 0
96 0.5 0.1 0
97 0.5 0.15 0
98 0.5 0.2 0
99 0.5 0.25 0
100 0.5 0.3 0
101 0.5 0.35 0
102 0.5 0.4 0
103 0.5 0.45 2
104 0.5 0.5 2
105 0.6 -0.5 2
106 0.6 -0.45 0
107 0.6 -0.4 0
108 0.6 -0.35 0
109 0.6 -0.3 0
110 0.6 -0.25 0
111 0.6 -0.2 0
112 0.6 -0.15 0
113 0.6 -0.1 0
114 0.6 -0.05 0
115 0.6 3.72529e-08 0
116 0.6 0.05 0
117 0.6 0.1 0
118 0.6 0.15 0
119 0.6 0.2 0
120 0.6 0.25 0
121 0.6 0.3 0
122 0.6 0.35 0
123 0.6 0.4 0
124 0.6 0.45 0
125 0.6 0.5 2
126 0.7 -0.5 3
127 0.7 -0.45 0
128 0.7 -0.4 0
129 0.7 -0.35 0
130 0.7 -0.3 0
131 0.7 -0.25 0
132 0.7 -0.2 0
133 0.7 -0.15 0
134 0.7 -0.1 0
135 0.7 -0.05 0
136 0.7 3.72529e-08 0
137 0.7 0.05 0
138 0.7 0.1 0
139 0.7 0.15 0
140 0.7 0.2 0
141 0.7 0.25 0
142 0.7 0.3 0
143 0.7 0.35 0
144 0.7 0.4 0
145 0.7 0.45 0
146 0.7 0.5 3
147 0.8 -0.5 3
148 0.8 -0.45 0
149 0.8 -0.4 0
150 0.8 -0.35 0
151 0.8 -0.3 0
152 0.8 -0.25 0
153 0.8 -0.2 0
154 0.8 -0.15 0
155 0.8 -0.1 0
156 0.8 -0.05 0
157 0.8 3.72529e-08 0
158 0.8 0.05 0
159 0.8 0.1 0
160 0.8 0.15 0
161 0.8 0.2 0
162 0.8 0.25 0
163 0.8 0.3 0
164 0.8 0.35 0
165 0.8 0.4 0
166 0.8 0.45 0
167 0.8 0.5 3
168 0.9 -0.5 3
169 0.9 -0.45 0
170 0.9 -0.4 0
171 0.9 -0.35 0
172 0.9 -0.3 5
173 0.9 -0.25 5
174 0.9 -0.2 5
175 0.9 -0.15 4
176 0.9 -0.1 0
177 0.9 -0.05 0
178 0.9 3.72529e-08 0
179 0.9 0.05 0
180 0.9 0.1 0
181 0.9 0.15 4
182 0.9 0.2 5
183 0.9 0.25 5
184 0.9 0.3 5
185 0.9 0.35 0
186 0.9 0.4 0
187 0.9 0.45 0
188 0.9 0.5 3
189 1 -0.5 3
190 1 -0.45 6
191 1 -0.4 6
192 1 -0.35 5
193 1 -0.3 6
194 1 -0.25 5
195 1 -0.2 5
196 1 -0.15 6
197 1 -0.1 6
198 1 -0.05 5
199 1 3.72529e-08 5
200 1 0.05 6
201 1 0.1 5
202 1 0.15 6
203 1 0.2 6
204 1 0.25 4
205 1 0.3 6
206 1 0.35 6
207 1 0.4 5
208 1 0.45 5
209 1 0.5 3
